[gd_scene load_steps=6 format=3 uid="uid://dd5nw1pjy2rcl"]

[ext_resource type="Script" uid="uid://6b4y5s4mi2se" path="res://scripts/ending.gd" id="4_qoq5h"]
[ext_resource type="Script" uid="uid://ddqoxa0mtlejm" path="res://scripts/kill_zone.gd" id="8_vqtli"]
[ext_resource type="PackedScene" uid="uid://pne0ugvlbqdo" path="res://scenes/decorations/backdrop.tscn" id="11_7t4pm"]
[ext_resource type="PackedScene" uid="uid://inn0btw8todq" path="res://world_environment.tscn" id="12_5j7fo"]

[sub_resource type="BoxShape3D" id="BoxShape3D_4kmhl"]
size = Vector3(9, 1, 9)

[node name="Level" type="Node3D"]

[node name="DirectionalLight3D" type="DirectionalLight3D" parent="."]
transform = Transform3D(0.933041, -0.247494, -0.261114, 0.359769, 0.641862, 0.677185, 0, -0.725783, 0.687924, 0, 5.25578, 0)

[node name="Area3D" type="Area3D" parent="."]
transform = Transform3D(1, 0, 0, 0, 1, 0, 0, 0, 1, 2, -1, 0)
script = ExtResource("8_vqtli")

[node name="CollisionShape3D" type="CollisionShape3D" parent="Area3D"]
shape = SubResource("BoxShape3D_4kmhl")

[node name="CollisionShape3D2" type="CollisionShape3D" parent="Area3D"]
transform = Transform3D(1, 0, 0, 0, 1, 0, 0, 0, 1, 6, 0, 3)
shape = SubResource("BoxShape3D_4kmhl")

[node name="CollisionShape3D3" type="CollisionShape3D" parent="Area3D"]
transform = Transform3D(1, 0, 0, 0, 1, 0, 0, 0, 1, 7, 0, -3)
shape = SubResource("BoxShape3D_4kmhl")

[node name="CollisionShape3D4" type="CollisionShape3D" parent="Area3D"]
transform = Transform3D(1, 0, 0, 0, 1, 0, 0, 0, 1, -3, 0, 7)
shape = SubResource("BoxShape3D_4kmhl")

[node name="CollisionShape3D5" type="CollisionShape3D" parent="Area3D"]
transform = Transform3D(1, 0, 0, 0, 1, 0, 0, 0, 1, -7, 0, -2)
shape = SubResource("BoxShape3D_4kmhl")

[node name="CollisionShape3D6" type="CollisionShape3D" parent="Area3D"]
transform = Transform3D(1, 0, 0, 0, 1, 0, 0, 0, 1, 0, 0, -9)
shape = SubResource("BoxShape3D_4kmhl")

[node name="CollisionShape3D7" type="CollisionShape3D" parent="Area3D"]
transform = Transform3D(1, 0, 0, 0, 1, 0, 0, 0, 1, 15, 0, 5)
shape = SubResource("BoxShape3D_4kmhl")

[node name="CollisionShape3D8" type="CollisionShape3D" parent="Area3D"]
transform = Transform3D(1, 0, 0, 0, 1, 0, 0, 0, 1, 6, 0, 12)
shape = SubResource("BoxShape3D_4kmhl")

[node name="Camera3D" type="Camera3D" parent="."]
transform = Transform3D(-0.0686159, -0.13405, 0.988596, 0.0515435, 0.989132, 0.137701, -0.996311, 0.0604042, -0.0609607, 7.81498, 2.92812, -2.16863)

[node name="Backdrop" parent="Camera3D" instance=ExtResource("11_7t4pm")]
transform = Transform3D(-0.0686159, 0.0515435, -0.996311, -0.13405, 0.989132, 0.0604042, 0.988596, 0.137701, -0.0609607, -0.883317, 0.0249541, -21.113)

[node name="WorldEnvironment" parent="." instance=ExtResource("12_5j7fo")]

[node name="CanvasLayer" type="CanvasLayer" parent="."]
script = ExtResource("4_qoq5h")

[node name="VBoxContainer" type="VBoxContainer" parent="CanvasLayer"]
anchors_preset = 8
anchor_left = 0.5
anchor_top = 0.5
anchor_right = 0.5
anchor_bottom = 0.5
offset_left = -20.0
offset_top = -20.0
offset_right = 20.0
offset_bottom = 20.0
grow_horizontal = 2
grow_vertical = 2

[node name="Label" type="Label" parent="CanvasLayer/VBoxContainer"]
layout_mode = 2
theme_override_colors/font_color = Color(0.552941, 0.580392, 0.603922, 1)
theme_override_colors/font_outline_color = Color(0, 0, 0, 1)
theme_override_constants/outline_size = 12
theme_override_font_sizes/font_size = 144
text = "THE END"
horizontal_alignment = 1
vertical_alignment = 1

[node name="Label2" type="Label" parent="CanvasLayer/VBoxContainer"]
custom_minimum_size = Vector2(100, 0)
layout_mode = 2
theme_override_colors/font_color = Color(0.552941, 0.580392, 0.603922, 1)
theme_override_colors/font_outline_color = Color(0, 0, 0, 1)
theme_override_constants/outline_size = 12
theme_override_font_sizes/font_size = 28
text = "Maybe you could have gone further, 
but it is also good to know to say enough..."
horizontal_alignment = 1
vertical_alignment = 1
autowrap_mode = 3

[connection signal="body_entered" from="Area3D" to="Area3D" method="_on_body_entered"]
